200009
200010
200011
200012
200013
200014
200046
100001
100002
100009
100010
100011
100013
100017
100042
200001
200002
200003
200004
200005
200006
200007
200008
200015
200016
200017
200018
200019
200020
200021
200022
200023
200024
200025
200026
200027
200028
200029
200030
200031
200032
200033
200034
200035
200036
200037
200038
200039
200040
200041
200042
200043
200044
200045
00000200085cy
200160
300001
300002
300003
300004
0039adi
6371
0creamfay0
1036144998
1091434298
121cy
123456
12345678
1234567890
123456g
1234abcd
13001772143
13002727629
13002772331
13002820850
13004769531
13004782160
13004788065
13004797669
13005664126
13005925524
13005927574
13007110932
13011368586
13011786895
13013243360
13014841694
13016842162
13017601328
13017719496
13018829473
13018843785
13018941286
13019224555
13019464890
13020705518
13020821001
13022576799
13022663471
13022766218
13023888205
13024260762
13024445980
13024773839
13024778250
13025974548
13026905348
13028934335
13030677770
13031463344
13033641271
13033646023
13034292905
13034296090
13034624965
13036125235
13036992924
13037919700
13038397663
13039260092
13039318357
13040786875
13040791176
13045190973
13045760764
13045763150
13046972827
13048859840
13049659819
13051168091
13054092527
13054363023
13055920686
13057744723
13057843461
13058176172
13058183539
13058664001
13058691480
13058817492
13058831490
13058854237
13058854737
13058877471
13059702497
13059776674
13059955438
13061819575
13063582960
13063902885
13064544683
13064559435
13065548853
13066523561
13067840432
13068887623
13069824886
13070585876
13071908849
13071914705
13072190309
13073534928
13073867438
13073893410
13074610492
13074623489
13074664835
13074665412
13074677947
13075361617
13076171003
13078067944
13079131309
13080416605
13081366786
13084617487
13087974362
13088629540
13088641301
13093827543
13093875941
13094765269
13094780368
13097809924
13097867664
13097944956
13099406683
13100216806
13100405991
13100407449
13100501464
13100929377
13101160838
13103283543
13103283922
13103836280
13105626854
13105628284
13105689194
13106085430
13106475646
13110787512
13111117249
13112508893
13112567399
13115724008
13116553451
13116604505
13116614850
13116659094
13117601732
13123042889
13123112503
13123518117
13125719791
13126014274
13126039342
13126601277
13127668236
13127975754
13132608460
13132816641
13132907687
13132914140
13133489141
13134474998
13136275718
13136452309
13136456695
13136482097
13136494158
13139808229
13142782419
13142919005
13143533422
13148368546
13148399841
13148462407
13148463482
13148478760
13148495890
13148945137
13152504893
13152604014
13152620249
13152644017
13152654767
13152666471
13153566881
13153707896
13155815127
13156309608
13156996939
13157035504
13157614557
13157691437
13157742442
13159845690
13159889893
13162710845
13164167600
13165513581
13166247537
13166387887
13167224530
13169056669
13169193639
13169228283
13169482813
13173679675
13174763159
13174785652
13175034186
13175231078
13175341839
13175471272
13175494819
13175868461
13175871843
13175873042
13178966505
13184284989
13184288747
13184289746
13184335490
13184347402
13184352185
13184386367
13184389891
13184394708
13184474581
13185006664
13185042994
13185285716
13185613426
13185762490
13186335211
13186783570
13186869240
13186918674
13186932804
13189018541
13190157058
13190304704
13191741184
13197091602
13197740024
13197744492
13197773414
13197941895
13202127437
13205622082
13205862410
13206238401
13209845226
13210576801
13211268063
13216046452
13216272409
13216487267
13216515246
13216627364
13216649432
13217772614
13217784523
13217787174
13218206433
13218587286
13218662883
13220805969
13221893425
13223180396
13223600908
13228219889
13230069985
13231720790
13233708319
13233900726
13234590757
13237794657
13237801478
13237807549
13237812664
13237813294
13237815294
13245508478
13245604797
13245709555
13247153938
13248413996
13248524589
13248599647
13248654267
13248668114
13248983940
13250778960
13250854517
13250865604
13250938124
13251609952
13252025459
13252399225
13253287689
13253530813
13255616270
13257719023
13257734207
13257748514
13257782774
13257830154
13260564060
13263712774
13263820640
13263824647
13263857739
13267548450
13267673653
13273792557
13277833849
13277854907
13277881547
13278577702
13279388085
13280228667
13280939424
13281519236
13282375052
13282375762
13282655574
13282694337
13284553648
13285753562
13285769845
13286406438
13287024068
13287715789
13287992660
13288569428
13291638347
13291664679
13291670450
13291674018
13291814675
13291820314
13291837684
13291856684
13291859694
13292262786
13295806201
13296400291
13296740562
13297711471
13299407459
13299409348
13299414464
13301383377
13302601272
13303447247
13304629875
13310635269
13311092974
13311271125
13311537798
13315298177
13316828675
13320029006
13320894137
13325588841
13326296782
13327953441
13331337857
13331739030
13332336180
13335833057
133390
13343938444
13353527282
13353740623
13355067602
13355351857
13356159270
13359474318
13360806604
13361513986
13364260536
13368168811
13375247319
13383842722
13386017701
13386497010
13389233422
13391141717
13392847301
13394628990
13397090889
13398390386
13401655086
13401985065
13402041966
13402135845
13403677168
13410106355
13411205052
13411215657
13411473715
13413007124
13414316102
13415099795
13416511627
13420402890
13425373407
13426205443
13426424783
13428955598
13429830337
13430560565
13431513202
13433415722
13433872747
13434594854
13437559407
13437655357
13450944831
13451581778
13453035247
13453058937
13453428531
13453559234
13453811207
13453883383
13455460973
13455508211
13457371593
13459025067
13459204858
13459767298
13462200003
13466693878
13466761922
13466864057
13467081737
13470752628
13475073388
13477016896
13479100435
13480387525
13482940612
13485255020
13485293320
13485428610
13501377369
13502410118
13503093018
13504093827
13504902221
13506808642
13507924284
13508196747
13509072654
13509657592
13510776140
13512509421
13512640731
13513574377
13514617465
13514658118
13514695656
13515580553
13520478565
13521332018
13521354796
13522031724
13523496397
13524615663
13524671809
13530279081
13530497936
13533796713
13534416634
13534900778
13535640016
13536465002
13537890406
13538359445
13540601964
13541619220
13542199340
13546510622
13546519266
13546706956
13551107175
13554865520
13560728893
13562762187
13564765483
13564790176
13568997870
13569627714
13569808550
13570409572
13570685071
13573528186
13573633909
13574878362
13575000732
13579251334
13581508375
13581874657
13581888932
13585585313
13585728995
13585783608
13587118395
13588650317
13588829482
13589139728
13589336062
13590189125
13590391229
13591596277
13591615535
13591702470
13592448180
13593051575
13593248750
13593733961
13598190731
13598508992
13599094459
13599250566
13599505721
13599586461
13600006511
13600916179
13601625840
13601768076
13601873458
13603592319
13604543175
13604866890
13604889609
13604905682
13606156557
13606543908
13609863306
13610117853
13610665836
13610870101
13611068137
13612220085
13612653467
13613242006
13615224760
13615562213
13616508464
13617867100
13620674119
13621792175
13622169954
13622952741
13623544174
13624082568
13625079752
13625167891
13625413879
13626455882
13629083630
13629851753
13631375881
13631532002
13631610677
13632316349
13632997018
13633540886
13633558353
13633855304
13634582286
13634704159
13635581877
13635654577
13636600114
13637567036
13637645917
13642852776
13643441995
13643450997
13644520808
13648376681
13650749895
13653426801
13653771703
13654783930
13655149525
13657003260
13657170863
13659632591
13661521240
13663259573
13664907832
13666520818
13668807812
13669271523
13669399437
13670157320
13670270847
13670711467
13671025537
13671555746
13671713215
13673333965
13676696059
13676738813
13677036898
13679558367
13681193179
13681657526
13681840067
13682347881
13684918004
13685852256
13685981873
13686167081
13686985574
13687748445
13688089629
13692248536
13692992104
13693253933
13693692814
13693759851
13694338608
13697893222
13698413443
13698418143
13698828725
13699257078
13699296220
13699820712
13700079695
13700580696
13701239873
13701254869
13702263136
13702273687
13703980152
13704638306
13705623543
13705741182
13706419529
13707418593
13711104600
13711359330
13711948486
13713064516
13713915124
13714484086
13718924004
13718965297
13719325679
13719925580
13720903686
13720921794
13720925486
13722680062
13722700220
13722808682
13723750089
13724138487
13725517578
13726414780
13726518545
13728071397
13728640638
13728652657
13730252473
13730572746
13731996946
13733329383
13733969928
13734121566
13735627128
13736596583
13737122496
13737305509
13737317542
13738128402
13739467133
13750036722
13750408557
13750534323
13750540093
13751238193
13752247550
13753384876
13753564150
13753666124
13753688191
13753816066
13753894804
13754270552
13754901165
13755984177
13756520694
13758415702
13760197780
13761663306
13763058292
13763559854
13763579318
13764495886
13767036209
13768690727
13770022397
13771122471
13772284942
13773580072
13777795016
13777798619
13778925746
13780357301
13780560128
13781908994
13784030967
13784205196
13784485477
13785419045
13785619960
13785949621
13786876429
13788234648
13790304132
13791343161
13791797682
13791869405
13792110565
13792682185
13793320785
13793444669
13793751139
13793786337
13794252448
13794272719
13795182805
13798183860
13798727455
13798896597
13801055202
13801289046
13802257956
13803370903
13804876059
13805213193
13806186305
13806770033
13807081423
13808033377
13808397393
13810031030
13810081975
13810253385
13810282724
13810640953
13810894171
13811005871
13811069878
13811093982
13811335552
13811566643
13811639260
13811667749
13811724246
13811753543
13812095367
13812865162
13812885757
13813230037
13813881568
13814043721
13816332675
13817142230
13817405000
13817733666
13817905702
13818115898
13818859799
13819106412
13821679642
13821878452
13823130779
13823377187
13825188003
13828823166
13831788284
13832179679
13834162251
13834181293
13834282925
13834559523
13834748091
13834748558
13834861550
13835016645
13835932045
13835984393
13843894911
13848127309
13849377240
13850255472
13851283040
13851286213
13851735092
13851773534
13852280522
13854842625
13855337904
13855933375
13857813689
13859991636
13860129462
13861049852
13861696157
13863559909
13864213994
13864456043
13865399280
13866693404
13867421328
13867434664
13867600117
13868687553
13869384633
13869678901
13869957715
13870116175
13871784480
13873974990
13874033566
13874219662
13875208242
13879462700
13880118916
13880691008
13882258549
13883376706
13884544331
13888023586
13891499402
13891597715
13896192194
13897237286
13901061996
13901238903
13901589129
13901885969
13902046056
13902262892
13903323117
13903755441
13905114076
13906030832
13906749536
13908203261
13908369000
13908695748
13910084469
13910392848
13910817368
13911323759
13911563827
13911658141
13911976663
13911988263
13911991383
13912028238
13913790468
13915079294
13915398444
13915684259
13916257428
13916966023
13917549996
13917601431
13917899417
13918221262
13918490360
13918514939
13920390176
13921290734
13921708137
13922118279
13922241880
13922291052
13922523862
13922739061
13922818897
13923160568
13923422206
13923877076
13924583513
13924604803
13924651715
13926571496
13927415072
13928848881
13929351975
13930073439
13930239774
13930419285
13932102460
13933001464
13933926308
13934824744
13934831007
13934899697
13934981542
13935163836
13935322277
13935897396
13935923667
13939502312
13939979521
13940709699
13941391970
13941934737
13942548349
13942625340
13950095543
13950193326
13951128224
13952974925
13954227216
13954536878
13955282710
13957793606
13958040842
13958218712
13960469925
13960676109
13960925911
13961068985
13961361307
13962013425
13962738457
13963903643
13964233855
13964666904
13968682227
13969085540
13972801602
13975514300
13979440345
13981374321
13982239227
13982268326
13982952346
13983070902
13988065432
13989106559
13994507869
13994620689
13994768672
13994845969
13996000388
1400017441
1403107388
14703553640
14715661819
14730574619
14730597212
14756685645
14796019378
14797222281
15001011389
15001245291
15002156361
15002959102
15003319837
15003511979
15004000180
15005095612
15006667390
15008451779
15009333594
15009893947
15010260549
15011518249
15012581161
15012682640
15012796954
15013922806
15014333991
15014985792
15015168439
15016369521
15016584243
15017570478
15019485602
15019559628
15021056106
15022530326
15023893684
15024929067
15026075265
15026219663
15026925756
15027334129
15027553618
15028096939
15028781691
15029833276
15030839755
15030961021
15032428596
15033776925
15034186352
15035004561
15035202226
15035205871
15037012436
15037640233
15037805647
15037847515
15038098038
15038842626
15039036653
15039103673
15041051192
15041227398
15042696794
15045496051
15046366913
15050738567
15051137781
15051158784
15051784239
15052507689
15053899069
15057529415
15058809788
15059365850
15061178926
15061498887
15061664537
15061714815
15063687580
15063961874
15065586975
15066465290
15066827532
15069877440
15070106778
15071178361
15071375501
15071444715
15073041590
15073235872
15073402893
15074660231
15075217453
15077381681
15079449259
15082831259
15082933463
15084502392
15086939933
15088175015
15089661008
15090173358
15090314085
15090459758
15091422163
15096148072
15096896415
15098091276
15098150216
15098175777
15100802186
15102581542
15103187824
15106741680
15110307204
15110335655
15111439312
15113050751
15114028656
15114692538
15116626329
15116655724
15116901337
15116954719
15116986258
15118037142
15118158445
15118842493
15119435624
15120690803
15122210529
15122401731
15122676625
15122944225
15123083020
15124180206
15124348657
15124896838
15127752627
15130589144
15131633277
15131741911
15131832285
15131845379
15131864944
15132570600
15132839052
15133283289
15133601643
15133982929
15135203997
15135597720
15135999080
15139088409
15140527542
15142033561
15144505141
15151229906
15152220824
15152912160
15153328589
15153669689
15154675385
15155499428
15156392660
15159691383
15160052930
15160389790
15163265566
15163285563
15165717556
15166656760
15168285928
15168420739
15169537157
15171490838
15175823098
15176680305
15176930578
15177148464
15177445261
15179472205
15180175295
15180179881
15187087089
15188567697
15188582250
15188750491
15189940956
15190662672
15190717043
15192466204
15193199124
15194498175
15194562010
15198284254
15200001045
15201145794
15201979728
15203479546
15203991676
15205920431
15206383360
15208183508
15209570324
15210145606
15210173651
15210861074
15210943835
15211013909
15211445207
15211536814
15212544403
15215666069
15218114601
15218132870
15218920290
15219470894
15220676141
15221168093
15221956604
15225946587
15227066503
15227332226
15227432177
15228364204
15229373990
15229769596
15230447143
15230448573
15230666561
15230780717
15230788028
15230922482
15231886138
15231895961
15232277572
15232315986
15232626020
15233182820
15234405950
15234654493
15235220952
15235647021
15235835458
15235998102
15238379125
15239186023
15241301321
15242623920
15243181816
15243908730
15245157545
15245909441
15246896269
15246932612
15249210539
15250606706
15251170507
15252716950
15253873689
15254157236
15254582226
15259032923
15259505806
15259725759
15259988037
15260217116
15260226654
15260305816
15261156798
15261498393
15262726446
15262965606
15264993709
15266236561
15267266720
15267663893
15270171851
15270802170
15272010142
15275799277
15275827087
15277383285
15277408087
15280274790
15280693929
15281658510
15281886847
15281948496
15282260627
15282706375
15285148141
15288137593
15289679066
15290877994
15290901608
15291191868
15295107083
15297609807
15297691582
15297732664
15297861554
15299075922
15299380949
15301197251
15303516550
15304162075
15304278079
15305038660
15305352523
15314119851
15315665666
15319770358
15323728981
15325166787
15333634689
15334609996
15335361803
15339163552
15346301064
15347307418
15348528855
15361665310
15362643234
15365585173
15376075454
15377660001
15387822951
15388599975
15398257589
15399351871
15503292763
15503614549
15503855542
15504229610
15505950207
15506177676
15506757344
15506780568
15507714936
15507810039
15507818952
15507884295
15510003477
15510980200
15512153262
15512971200
15513701925
15513797552
15515661111
15516349036
15520589128
15524299683
15526909400
15527373770
15532948082
15533132013
15534051980
15535950486
15537283531
15538635118
15539615632
15539783655
15539861909
15545461178
15545790315
15548321441
15548968959
15549427705
15550151327
15552157757
15555203040
15557203360
15557542410
15558480265
15558548159
15565651238
15568257126
15571087659
15571513952
15574168055
15576166433
15577113723
15577253134
15577261845
15577625272
15577667814
15577744274
15577838349
15577918044
15577918403
15577976402
15578304320
15578460074
15578484632
15578492484
15578541184
15578628354
15578834896
15578946240
15578964080
15579622125
15584436602
15599097127
15602088423
15605874421
15607771530
15607995150
15610462026
15610691681
15610808308
15610889661
15611878306
15615386954
15615445955
15615635458
15617565170
15618083855
15620061647
15620705956
15621325007
15621623445
15622222082
15623229397
15623451019
15624056767
15625151169
15625503981
15625594260
15626581716
15627953511
15628751673
15629961066
15631762343
15632219778
15632786414
15633095740
15633692455
15635090771
15635830710
15638160731
15638770257
15639246226
15640601496
15645904665
15649579656
15652511636
15653469299
15657084361
15657586642
15657594263
15657599274
15658088106
15658538404
15658745649
15659025147
15659352630
15659354380
15659451638
15659630992
15659775061
15666997361
15669744283
15669844537
15670960387
15673464031
15673812526
15675835109
15676114451
15676151524
15676274443
15676316249
15676516824
15677160964
15677242937
15677270994
15677276442
15677345746
15677347415
15677364420
15677395754
15677579054
15677744230
15678186245
15678324474
15678724454
15678729744
15678832052
15678853476
15678867403
15684767913
15690840509
15692409084
15698167136
15698690023
15700782326
15702657483
15704255327
15705229672
15706758926
15706912939
15707097907
15707489913
15708181082
15712974772
15715750745
15716586500
15718123369
15722733136
15723306406
15724471910
15726258560
15727420093
15727656702
15728382720
15728794761
15729058680
15730116880
15730734932
15731869125
15731953335
15731976450
15733238975
15735153431
15735665657
15735956001
15738120516
15738711860
15751450992
15752352021
15754524846
15755777143
15756435549
15759033825
15759262614
15762834820
15764270936
15765073886
15765769691
15766643143
15766851944
15766921262
15767639878
15768253081
15776465669
15778858680
15779105301
15779429480
15779877298
15800630322
15801017897
15802707940
15803216158
15803283307
15803449306
15805960422
15805997835
15806142065
15806899220
15808171126
15809234560
15810038336
15810489596
15810661038
15811588145
15813748945
15813912638
15814797825
15815103257
15815192628
15815569375
15815926909
15817624378
15817749041
15817977402
15818520192
15819284626
15819867654
15820531866
15820977508
15821690006
15822363205
15822448629
15822481372
15827302077
15830049270
15830584900
15831536918
15832878323
15832947441
15833067715
15834358685
15834392556
15834442473
15834635320
15835163258
15835237493
15835288190
15835780785
15836377327
15836686065
15837139441
15838971050
15839104412
15839238031
15839467826
15839637750
15841620920
15842749989
15844065635
15845588673
15848784132
15848903888
15848999928
15851295857
15851777878
15852682402
15852875517
15855633929
15856458220
15857501065
15857574922
15858183646
15858289900
15860794356
15861269983
15862450756
15863583626
15867259532
15867382505
15870815928
15873486672
15874252138
15875092402
15875537187
15876471730
15877264282
15877653752
15878740140
15882011069
15888634914
15888833368
15890711218
15892650865
15893788537
15893881925
15895037784
15895393679
15896409185
15896825656
15897800857
15897913538
15898038011
15898781514
15900202906
15900400292
15900646907
15901113687
15901280991
15901356987
15902018867
15902854716
15903509350
15903586964
15906603078
15907183369
15907672612
15907673005
15907674164
15909288202
15909439925
15910054220
15914195992
15914968414
15915902956
15916920130
15920615126
15920812412
15921213309
15921500297
15923323334
15924450512
15926256760
15927466775
15928493321
15928593001
15928780608
15932635649
15932766650
15932857218
15933237398
15934287899
15934856983
15935172755
15935524382
15936195122
15936214787
15936818569
15937128852
15938629726
15939157008
15939522789
15940199692
15941337612
15942952707
15943916585
15946604436
15946905303
15947778503
15948116186
15948181102
15948671136
15949675139
15950389771
15951231276
15951468440
15952713696
15954721396
15955501054
15956799516
15957160603
15958553969
15958727942
15959583350
15960400838
15960670683
15961920407
15961971312
15962094648
15962419660
15963630017
15964367920
15965171969
15965433230
15965465642
15965666926
15966246182
15968047821
15968876519
15970147251
15970424744
15972501368
15972921270
15973050613
15975369699
15977394180
15977470114
15979804851
15980104060
15980203156
15980675019
15980883652
15982082331
15982822461
15984573018
15985708850
15986733936
15988202906
15988818825
15990020355
15991648338
15991849978
15993077234
15994720186
15995222608
15996306527
15999695483
17005755201
17010131309
17030655048
17051144669
17064932853
17065290283
17070143141
17070895936
17075144727
17079422628
17085748355
17085992043
17090079293
17094615355
17095126660
17180423632
17180466200
17183300069
17186108984
17301355826
17302495535
17307962375
17312501101
17355012621
17372905813
17381805479
17520381752
17552731214
17554188086
17560311319
17564000543
17600032313
17601629253
17602012903
17602025856
17602026390
17602109192
17602239455
17602468894
17602506925
17602596447
17602912535
17603001728
17603124515
17603725106
17604530281
17605016860
17605055324
17605293171
17606473357
17606694292
17607038429
17607511928
17607669196
17607968810
17607979586
17607998692
17608003525
17608044590
17608456796
17608702095
17609231243
17609249484
17612844857
17614058774
17616400728
17630036413
17630049951
17630106087
17630385914
17630765763
17630955438
17631999319
17633168962
17633172402
17633537361
17634362125
17634952218
17635492340
17636172386
17636404267
17636406759
17638355536
17638435148
17662634957
17664057972
17671094808
17671451001
17671846252
17673263912
17674049520
17674717971
17674767836
17677019480
17677059112
17677304347
17678008635
17679187525
17681703992
17682358828
17682440731
17683812041
17683992212
17684088276
17686542198
17687758812
17688420389
17688557473
17688924091
17689657170
17691077244
17691276619
17691315139
17696700480
17703339816
17703448763
17703533838
17703853451
17707971073
17708035920
17709628607
17710196009
17710329945
17712630236
17713152950
17717448111
17719021591
17719451101
17728026359
17730593344
17730675097
17731045625
17735402746
17735846094
17736941181
17736946625
17737799981
17739450833
17743111815
17749773697
17750092083
17750475649
17750663190
17751207982
17756807953
17763031189
17763575330
17763857961
17766108613
17775211339
17775743348
17781296142
17781715161
17782655181
17783021738
17789686713
17791153104
17798752361
17802714243
17805990239
17817782052
17819052820
17820400874
17835388873
17839130066
17853412733
17855144334
17858969762
17862010921
17862716558
17862720882
17862732012
17862826225
17863346903
17863823766
17865132259
17865318282
17876832543
17876976874
17878756877
17895013154
17895420492
17895936612
17896203408
17896324202
17896386145
17896396253
17896570921
17896740375
17897611137
17897644684
17897647670
17897827393
17898766321
18000734944
18003389238
18003550580
18005417870
18006716166dht
18007845560
18013371070
18018276783
18018605185
18019020335
18019020665
18020185552
18020323020
18020991678
18026098631
18027666556
18028721981
18028761777
18030113572
18031088937
18032516670
18032531932
18033098688
18034102471
18035652883
18036902162
18036911711
18046028345
18048413121
18051717659
18053321585
18053647157
18055381389
18055525010
18055608981
18056921531
18061176638
18066077423
18070661716
18077915622
18079701272
18079822709
18080468252
18083008825
18084281262
18087829621
18091609420
18096974596
18102886345
18106519665
18107907172
18113052991
18115198110
18115884130
18116695616
18117589986
18119822075
18122329899
18123049656
18124617334
18125019443
18126158918
18126745305
18129532799
18130551277
18130719291
18132035385
18132188807
18135114697
18135703281
18136130347
18137175695
18142329192
18150905189
18153671683
18156392020
18159801065
18166319640
18168248767
18169391439
18172735765
18172744936
18178588071
18179872219
18180862335
18183588431
18188946679
18200946030
18200981885
18201709306
18204142520
18205498434
18206447907
18206810619
18211991142
18216720065
18217579079
18217713432
18218128946
18218345520
18218553604
18218577027
18219257248
18219458951
18220596466
18221331546
18222776102
18222925748
18227948993
18228111928
18228466045
18229904926
18230643076
18231861521
18231886718
18232305775
18232744073
18234490124
18235152795
18235357076
18237130663
18237804758
18238292170
18238372692
18239260574
18241305311
18243065352
18245154313
18246419924
18247533883
18249541283
18250734939
18251581093
18252571823
18253029991
18254672118
18254862832
18254881557
18259570731
18261559302
18261927089
18262045087
18263564732
18268028101
18268646749
18273374790
18275381226
18277970597
18278369830
18280091804
18284540916
18285944040
18287705267
18291840106
18295681636
18295743342
18295832314
18296936030
18300325663
18301850345
18302101982
18303483448
18304147722
18311330016
18312786450
18312872178
18312880776
18316153389
18316843477
18317636936
18317857178
18318202547
18318215955
18321280176
18324839206
18326750581
18328338480
18328615069
18329075136
18329674427
18330539787
18330590508
18331027090
18332603871
18334770511
18334809754
18334828035
18334894935
18335372050
18335418933
18335590788
18336516258
18338552863
18339877195
18339956977
18344209150
18345666494
18352500530
18353796143
18354066114
18354601865
18357240260
18358981058
18360617258
18362237210
18363607088
18364468631
18366183703
18368338748
18369107729
18369229916
18369667260
18370124319
18371076440
18373003339
18373528136
18374852964
18375380929
18378181049
18378993345
18379880217
18380467084
18381816390
18381959440
18382986019
18389232714
18391792200
18402090605
18407461978
18407848741
18423410983
18423808858
18434372169
18434668196
18435226641
18439234317
18450202307
18456283209
18456588849
18460301313
18463058881
18469778439
18475512649
18475640726
18475881647
18477400406
18482281807
18483290957
18500152668
18500362571
18501456517
18502385857
18502563668
18510255618
18511063925
18511780282
18515965285
18515992171
18516013996
18516568362
18516868006
18518481932
18520910519
18521516273
18522698150
18522795704
18524152613
18524452158
18531772272
18532519272
18533339876
18535796673
18535820413
18537312676
18537864121
18550088123
18550334538
18551381177
18552367550
18553145188
18554628673
18560057667
18562330595
18565800015
18565883861
18566113789
18566494430
18566799534
18571024017
18575512730
18581883001
18583209851
185847553
18587737836
18589842245
18591806061
18591987833
18593949345
18596132212
18600575044
18600769504
18600910986
18601187198
18601359789
18601595232
18601682083
18602038161
18602117187
18602869904
18603071006
18603184992
18605000166
18608286159
18609359731
18610811866
18610818939
18610846058
18611195227
18611737081
18612557118
18612597324
18612943834
18613663976
18616339071
18616388815
18616681658
18616687473
18616697420
18616757519
18616759658
18616817895
18616822919
18617119392
18617241673
18618151191
18618192277
18620302332
18621582297
18621732709
18622552268
18623456061
18623486482
18624620911
18629020971
18629093049
18629306322
18629920632
18630997802
18631612000
18632223902
18634705766
18636722731
18637130183
18637666087
18637893976
18640667711
18642778419
18645688159
18645872286
18649751163
18650160989
18650806305
18652649978
18653172178
18654616496
18655149900
18655305313
18655406698
18656042147
18656076660
18656111619
18659203246
18661939607
18662521153
18663772735
18665342548
18666701832
18669278798
18670343529
18670392565
18670761869
18671683251
18673184052
18677174919
18681045058
18685638981
18686730114
18686877217
18688783431
18688890039
18689478386
18689900404
18691330421
18698460510
18700872611
18701222693
18701431801
18701548275
18701673380
18701920779
18703587303
18703587661
18711720390
18711872670
18712760763
18715970867
18716022189
18717976705
18718530736
18720088916
18720909770
18721061761
18721551560
18722625060
18724516603
18729073159
18730248654
18730537691
18730758106
18734429750
18734912132
18734989919
18735102234
18735316163
18735418645
18735593658
18735854925
18735947014
18735961679
18736560860
18736899520
18737296925
18738785945
18739872022
18740060201
18741925835
18742584881
18743449080
18744562196
18744664168
18749215710
18749318276
18752613442
18753013189
18753111597
18753451999
18753734075
18754060236
18754177003
18754559141
18754607627
18755255582
18755273121
18755426221
18758137200
18759003663
18762059383
18764808620
18766175112
18770572859
18771983248
18772543652
18773743823
18773964017
18775497140
18777029186
18778258496
18780895360
18782811024
18790770752
18792396373
18792638364
18800133282
18800632170
18801343366
18805053639
18806652636
18807858295
18810039696
18810057128
18810432948
18810846283
18811357885
18811713218
18811997175
18814206432
18814451015
18816642612
18817934585
18818329683
18818973911
18820937371
18823231760
18824681786
18825178655
18825860159
18827175780
18830012006
18830376858
18831236575
18831763319
18832358802
18832846963
18834007396
18835009500
18835420435
18835425521
18841094593
18841651477
18845078217
18845342347
18847031481
18848859252
18850050603
18850341889
18850561908
18850631259
18852855218
18853717011
18856857026
18860356772
18862352252
18863550753
18865513281
18866478943
18867132850
18867301066
18867537524
18870490920
18871715470
18873393937
18874029417
18874449079
18875113729
18876611783
18877433831
18878842847
18879899667
18890600747
18896587685
18899892278
18903062177
18903590170
18905153205
18906438520
18906892568
18910303960
18914616033
18916169720
18916200445
18916334462
18917562582
18919577310
18919662960
18920360929
18920971736
18922625313
18926459847
18926966013
18929009739
18934537692
18935106142
18935422691
18936880789
18939325884
18942453588
18945314532
18945690477
18949131130
18949814396
18950087936
18950173669
18952584839
18955928175
18956885962
18957351595
18958994319
18960272510
18962339646
18965854520
18973223711
18975451849
18979976068
18980125804
18980805208
18983891004
18991541770
18993520717
18993763238
18995005633
18996268834
18998182230
18998795454
19780525
1983mxlmxl
1989530
1inABS
20101019
20legend
24987409
2500973782
25770276
275910934
2804808056
286661818
2e71828
306116898qi
308585793
346671553
360timi
363191720
390246831
390697344
418984231
421796390
4345s
63504605
6elife
754408819
767811962
789456123SISTER
830721
858687aj
948120595
969679816
99ddzc
a123456
a13120510741
a13311875515
a13352983217
a13391088888
a13510525548
a13530539942
a13530854794
a13681519618
a13808803889
a13816786463
a13902905838
a13926036686
a13926611611
a13980960711
a15012481248
a15158001557
a15221738888
a15302720270
a18121251533
a18602128297
a18617009999
a18682378812
a18910766858
A18P41
a19991234
a2011amind
a821231574
a86561741
aa18010521010
aaron0418
aaronlin1206
abc123
abc1234
abcd1234
ABS
ABS02
abs123
abs2016
Abs888
absc_fetch
acher000
admin
aerlashan720
afei123456
affiyang99
againliu1
aguero
aibeast
Aileen
aiquyifanxyz995
akalius
Alan_Turing
albert001
aleatse412
alexyang5016
alice0106
alice_liu
aliqisimao
Allen001
Allison_1
alliswell
alvinsuh
amandazhen123
amoklyons
ananvision
andrewzy93
Andychen777
AndyLeo
andyliufeng2017
andyye_86
angelmeitong
angleszy001
anhong12345
anysomes
aobaniu01
aparis7
apollolrr
Apple_
archer000001
archer1902
arclless
Arissa0815
arlene1
arong99
arthurkw
asd123
asdfg
asdfjp
ASPEN123
autumn0571
awfsfsfsd_12313
az84760397
AZHanS
azuoming
baixueyuan
BALABALA
bangu88
BANKOFWEIFANG
bashuliqing
baudolino
bbcbjbl
bbg12345
bearpeterchen78
beita2017
ben8201
Benforabs2017
benson
benton525
bergkamp
biance3446
bingdaoyanzi
bingxue0769
bison_yu
biyak0412
bjjxsd
bjs222
BJYX_98
BJYX_99
blackielee
bluehug
bnyy114
bobo1988
Bobov2017
boss
bosszhu
bqjrifdept2016
brainstormer1
brqiu_citic
Bruce1
brucejan
bs80028552
bsfactoring
Buttonwood515
buxiaoqing
c1027936714
caifang1990
caijinjin
caitc000942
Caitlin_17
caiwu83261080
caixiaolei
calix_li
callu_0910
caocs50
caojun
caojun8300
caolw
caolw001
caotong
Caowenfeng
capslock200
cary_kong
cassano99
cattwang
cbhb_luan
cc503728606
ccwallcc
cddyxqc
CDHAbs2017
cecilias11
celine0822
chailing
changaming1
chch7626bb
cheerhaq0328
chen7836999
chendafashi
chengxu
chengxu107
chenhao_banana
chenjian
chenkang
chenlinfeng
chenq
chenqiaoqing
chenshangjun
chenshifen
chentieyuan
chenxi
chenxinke123
chenyipeng52
chenyiqiao
chenyuanwuhen
chenzh
chenzh001
cherishmm
chevalier1
chexiaoxiao0514
CHICHAOYUE
chily_lin
chinaccw
chinaren
chinesejie
chlingqi27
Choco_1981
christine04
chungeng
chunhai84
Ciel1989
cindalvguo
cindyshi
cindyshi02
cindytest
ciqing1025
ciyuan000
cloud2017
cloudycrane
clp8366860
clw
clw001
cl_dang
cmbc_ws
cmbfae_2017
cnjsyczt
codeparser
compaign
conanxue_2008
coolguitar_1
coolskyman563
cos9517
coscyang
Craig0210
crazyzzj
crby2016
csccsc
csu_wu
CUHKSZ16group7
cuilouis
cuishuang929
cure
cwsc_lczq
cx2004
cxming4033
cy3650307
cyaslau
czjhxck
czj_maple
Czlucky12345
czz168
daidai
daimin518220
danpac123
Dany_90
Dara123
DASHUINIU
david2880
davidwang
dawang123
dayner
da_gong
deczhi
deisler
delwangzp
demozhang
dencycheng
dengliyang
dengzi333
dercitaude113
derekwei
derek_Y2
devlikin2000
dfdsafdf0999
dftjjj01
dgcapital
DINGSHUTONG158
dj2166
djy110
dkp18810575143
dkq1989
dlgaoxing001
dltouhang123
dneif1983
don123
Dongjie_Lu
donglu95594
dongsht123
dongzj0828
doradarling
DoraHappy
dp170202
dp19821130
dqyxwf21
DRSJ001
dsafdsafewr
dsy3776
duankai
duanyu123
dududu
duyinglin
duzizhuixun
dwjxabs
dychengyang
Dynasty01
dyyl_pay
d_d_d_d_d_k
econ07
edchen11
eddy_lc
edisonqu00
Edmund
egg_lmj
elvenro1
elvichen
emison0625
emory_zhang
enmh123
ercfund
ericlin000
ericpan
eric_1999
evelee
ewine007
exingchedai
f89075414
facebox
faithbird2008
fanb1983
fandx01
fangfangabs
fangjiafei1991
fangxuegaohei
fantasy_fang
fanwj_zszq
faye7788
fdsaflk
fdsagadsf
fdxtb1987
felixwoo114
fengdz
Fengr001
finance
fiona0628
fionamao9
fisher_sufe
fjs717
flakewang
fliuxu_314
flyawayalone
fortytwo
fox123
franceal
franka333
frankyu12
freda1987
fredLee94
fsafsda
fsdafasd
fsdaffdf
fuchengxuan
fuguo945
fuluqi0526
fyq619
fzc_skycn
Ganqiu123
gaoby1988
GaoGao1898
gaoy
gaozhen
Gao_xueying
garyhxfang
gavingaomin
gavinwang
gdte538
gehua1991
getafeel001
ge_dan
gfzl2017
gjabs1
gl2720184
glighfund
glory958
goldenfn
goldfund
good3
grandline05
gs13856590755
GTYX1
GTYX2
GTYX3
GTYX4
GTYX5
guanshengyi
gugujiji6
guiguigui
guo123456
GUOCE01
guodun3
guohailong920
guojf2016
guojiequn
guojin
guopengno1
guoxiufeng
guoyihuitong
gupengno1
GWBANK
gwjwww
gwjwww1
gx211
gxq12345
gx_bhfae
gypdanny
Gzyhgsywb
G_murdek
h123renq
h7v8
hadwin
haha9
haidijack
hakkailee
hanabee131
hanchen93
handy2010
handy2017
hangggsui123
hangzhi88
haosang
harrychen2296
harrykyle
Hastings
hb19840109
hc0421
hchen1980
hcm123456
hcm1991
hcm2016
HCZQ001
hc_fang
hdb411
hdfinmaker
hds1686
hearfish123
hebeide1
hechao4000
hehongnan
hekun_jiang
helena0503
hello2017
hellogv
helloseacy1
hellosz
Henry
hexindai2017
hikozl
hippo890616
hithu863
hjzq2017
hm1922
holiday1256
hongxi123
HonheJoy
Hovy
however0125
hpzhao
hpzhaozun
hsfengrui
ht2923936
htsc_liuchang
HTZQ01
HTZQFMD
huaishan1984
huangdir
huangjiali834
huangl925
huangxsh
huangyao
hubinggang
huchen
huchen8819
hufpchina
hugh2017
huibo1987
huipuzulin
huiwenabs
hukeke
hupeipei001
hurongss
hu_jiangli
Hwp111111
hxssy5505655
hyqmhc
hyyh11
hzjuesheng
hzsnowfoxhfh
icbc1234gd
icbctouhang
icbc_gd
icewinter007
iconly001
identityuuu
IFRE
igyang
igyang007
ilavn0726
iris455
IRISyu
ISpinach
ivancao1177
i_spy
jack123456
jackin123
jacklin
jack_qin
james888888
jameslow99
janewu9
jane_0131
Jap0505
japleak
jason1984
JasonRen
jasonvin123
javierlopez
jcfr22
jdsfg2016
jellyfish
jenna410721
jenny1002
Jerome0728
jerry
jerry418
JerryJi
JHJT
jiacolele_89
jian1
Jiang1993
jiangkun
jiangqi513
jiangshuguang
jiangwh84216
jiangxiaowen09
jiangyang517
Jiang_kaidi6
jiaqijin53
jiayang2007
jicleasing
jihua_nie
jillian922
jimelei
jimsjf8088
jincheng1237
jingmixinhai001
jing_1992
jinlong
jinlun
jinyongxin
jinzhe
jinzun
jin_kailin
jiuyihengyuan
jiyuanfang1026
jjyy123
jljtnsh
jltz
jmh19860220
JohnsonGuo
jojoe18
Jokey1001
jon911
josephinejin
Joshzhou
joyin_ye
jqy1259556494
jrq999
jsb01010594
junjun0716cc
junuoliang1989
justimeetyou
jwter99
jxcc123
jxj1995
jxjd_test
jy2117937
jy2225337
jyp_tim
kdcwan
kelckyk
kennshou
kevin24067
kevin327
kevinluo
kexin123
kingzhi
kite_421
kittywu79
kkkchina123
klwzm2008
knight
kobe1996
kobe1997
kobe24
kobe996
koche0
kongxuan
koudaqi1984
krollDDP
kuakelh
kylin_zhang
lalala
langjian01
lanyan0501
lanyanan1991
lanyao198709
lanzhou123
laohei1210
laowangjay2
laowu999
larryglchen1
lawyer88
laypen
lazyinbed
ldb84
ldn639
leduc19
lee296965298
leeleoleon11
leexiaomin
lee_365
leidandan9217
leihongli123
lena08
leochen
leocoffee198791
leopard123
leow77
leoxan
leozou
leo_li
Leslie
LG6305201314520
lhm54
lhq2009
lhyendless1989
LH_ABS
li771537550
liangen2017
liangyuyin
liaojuanjuan2
liaoyx
libingyi92
licanlin_rhc
lichenrong1
lidaan2018
lidongdong_klc
Liesel1
lifugan
ligong123
liguangyu
lihong123
lij227090
lijiangyu
lijuan1234
lijun2
lijunzhu
lili
liliaililiai6
Lillian6
lilongjun2017
lilylilili
limeng
limeng0508
limeng1
Lin574778681
lincozhang
lincyuelee1
lingjiancong
lingjiancong123
lingo_123
linkageabs
linxs123
lion2046
lipeng01
lipin0208
lipp00
liqingye5858
litao639
litong1991025
litracy1
liuguoyong
liuhb2017
liujiapeng
liujingtao1984
liuli0212
liuliyan1225
liuming
liuobin
liusong
liuwen
liuwenwen
liuxiaovan
liuxy99
liuyang2017
liuyingai
liuzhj13
liu_qian
liu_sy
lixiang
lixiaonan
lixudong
lixuejing
liyoke
liyu6873395
liyuepeng2008
lizadhome
lizhaobing1989
lizhenfeng6
li_chu
li_xiajin
Ljx19910620
lklk00
Ll18863950230
llyy2330
lmahu007
lmmmx1115
lnsfzf
Lo4
lol_king
longsicong520
lorraine0627
lorry1776
losyifiled2
loudspeaker007
loveandshare
lqf_1122
LSR13672661681
lulin1
lunadragon123
luochengyi
luoyang11405
LUO_CMBC
lurenyang
luvian
luyan2017
luyiqiao0603
LU_YUJIAN
lvhe2000
lwb7890
lwjforabs
lxf
lxz123
lz564193393
LZCF001
lzf0505
lzj9010218
ma131855
machi1218
macleod85
maggie717
mahu16
maijiesi712
maixt826
makun23456789
maodanrong105
maoyurun1
maqian
Maria_123
markin110
markweng
marseast
marsvillage
marypeng27
mashiyue
masjiang123
matt1089
maxwayne
mayi2046
mazhen2010
Mcprince
menglingxiao_06
mengxianchao
messipirlo88
michael
michael0815
michael_w
mikecome123
mikmim
milkytrace
ming0872
mingrifei01
MiniHuang2015
mini_gan
mirage_mu
mistylandlove12
MM18268063337
moai13
mojibake066037
molly_ping93
momeirulong1
monkeyking33
month13sky
moonalpha
moonload123
moruofeng1010
movedora6
move_ling
mrjinsun
msrt2k
mtgh_cxy123
mty2017
mukgu95
mumu2634
muochuan123
music_0914
mwt1996
mxd0605173
mymy2018
myosotis214
MYP123
nannanyu1984
nansunct
nanyue_li
narutoroo
nashlee93
nelson1984
newcomer
nicknjiang
nicolas1999
nicoletao0411
Nic_zzz
nieweiqin530
niou0516
niuben
njcbabsgroup
njcyq_320103
nobody611
nothinghappen
np123
nt492958064
Nuture_ltx
ocean
ofan1987
olyhiphop123
oucczs
ouyang
owafi1
owen66
owenlian
oz711
pake35
palone
Pamela_
pareto58
parry123
patrickong
patrickpantong
paulseaman
pengrui_360
pengstuay
peng_xf
pepsico007
persist111
peter5210up
pgx0755
pieces_007
piscesedward
pi_dao
pkuhongh
Polaris
pongpongpig
Pony_X
Pony_xiaoxue
pop5210lol
potato1120
powerflio911
ppayaoxing
ppdai
ppll123
ppll9527
ppyuan0823
Prophet0518
Pruszen
puddinglee
puhuashidai
pulang
pxj0427
pyabs
PYL1111
pzy3722929
Q1996
q201447
q240418948
q258172443
q258523454
qazwsx
QDFTABS
qhzhuoyue
qianqian
qiaoxubo
qimingming13
qinfeilong
qingyilee
qingyun0725
qinxiaoxi0929
qinye313
qitian
qiuyuqi36
qixn123
qjss0629
QLW001
qoowang1
qq12334
qq453598201
qq45788
quanyao
quark123
qudian
quicksnake0101
QuietBoy
quxiaocan111
qwe1
qwerqwer401245
qwert
qwily
QYNS01
qywang7
Ragan1314
rainday
rainday1130
rainy1306
ranzinora1111
rao505
ravel2856
RaymondChen
rbw93
rbwl1490
redsum
reebok4619
reed2017
Reeves77
refuture
remesses
renlie
renxf2000
rexafq
richard_pkulaw
ricky0576
righthand
rj19420
rniu2016
robin_abs
robo1
rockrao
Rongyu12108
rosalind_0503
roseboy999
rpf1990
rrcool
rtcapitalwuda
ruby_yr
rucjingloong01
ruichengli0223
Ryan_Jie
rzy0208
s0800643
sabrina_0309
sahara0621
sahn89122
sakuragi10
san3
sandrodias2017
sandy
sandywangjing
sanshi0777
sasamony
scxcfz
sdeisler1
seanyin123
seasen8
secret1998
serenazheng666
sgrj2017
sha728
shakira721
shan9527
shanshuicaoshu0
shawn1012
shawnliu1981001
shazi022
shen1314
shen131468
shengheabs
shenxiaoxu
Shenyi
Shenyi01
shhxzq
shilei007520
shilei_1029
shineey
shiqiang01
shixuelian
shl328137279
shola123
shouxuan
shsxm2014
silvialiang
simayi0110
sinobama
sin_523
sjcyq9
sjcyq99
skkobe
skyling
sl_0310
smallch
Smile5354
smilenan
smiling814
snjf1234
snowball10185
snow_
sober_2017
songjijason001
songningning
sonikafan1
sonny_1989
sophiayan
sophie_xff
Southwell520
ssdlfl
star0725
stargazer1206
stayoung66
Stella1992
step8step
step9step
Steven0816
steveowen
suchangkong1988
suiyue
sujiansen
summer
SummerChin8
summers
sun123
Sunamoa1
sunhthy
suningbank2017
Sunny7300
sunrubo2006
sunso520
sunus17
sunzhengzhu1103
sun_guoxu
surely_min
susan214
suwenlong720
suyan409
suzeyu333
suzeyu3333
sweetlory
swhyzg
syjlcs
sysuer
syx6731
SYZheng
sz19930211
sz26070672
szh1096306752
szheku
szj83szj
szranger
szulijun
t0901302
t0901303
t091202
t091203
t091301
Takyne
tammy_xinlliu
tang2010
tangshunyao
tangx99
tangyingshuang
tanli_lczq
taoh001
taoran
Taoran2016
taoyujie0
TATSUYA_L
tayloryoung
tcjinbo
test01
test02
test03
test1
test2
test20160722
test2016072201
testhaier1
testtest
testzijin
TFRJWH
thc1993ip
thelll123
the_loster
Thomas_Lee
thuy87
tianyuan
tianzhou1009
tiger777
tinniezhou
tomchan
tomchan2016
Tom_Chris
tongtong0619
tonyfan0702
tonyjianchina
toomore
topfable_weiwei
totem_test
touhang5859
tracy2017
transhin123
Travis
Trinity_Zhang
tttlewzl2006
tupan7
txjt001
tye8088
u7in
UC231757
uconnfsix
ugotit
upperliu
uuuiiiddd
vanessa123
vera_hzz
veronique_ren
veyronsoo
vicky1999
victor5648
Victor82
Victoria5124
victory
vince0106
vincent
vincent123
vitoxu
Vivi2017
vivian
Vladimir_Yuze
w3964038
w66334444
walkermiller
wandacaifu
wander
wanderer
wang12345
wangbin9810
wangbing0704
wangbo26
wanghaixin
wanghuijin
wanghuijuan
wanghu_117
wangjf
wangkun1315
wangqf6
wangqing0211
wangsongyi79
wangxiang
wangxlsh
wangyeghzq
wangyi
Wangyi1
wangyj001
wangyj002
wangzhongyang1
Wanki0311
warrenyang7186
wdong82
ween1
weipure
weixin
wenb1990
Wendy1210
wendyyhoo
Wendyz18
wenhao19921209
wenxiu916
wenzy1210
whfae1
whiteknight
whxcqc
whyacmilan360
williamwl
willyzeng
windyxuli
winix
Winnie95
winsenyeah
winston1
WJ223
wjb20043
wjj12300
wjw84221
wjx1992
wk_Nicky
wl1017122821
wlpcumt
wlznbx
wolaidai
wongsanyu
wowyao
wtb200461034
wty160
wucongwen
wudc001
wudc0011
wudc002
wudc005
wudc006
wudc007
wudc008
wudc100
wudc101
wudc11
wudc123
wuguandan
wujun2048
wuli000
wuxiao
wuxueqian
wuyanhao
wuyanping
wuyuanya123
wuyue1231
ww55
WWC0708
wxsatelltie515
wxt1989
wybisheng
wyy2344
wzk940430
wzredmaple
wzy510520
w_ll
xbh336
XBL
xelnaga
xfintech_ggy
xflash
xfttest001
xfttest002
xfttest003
xfttest004
xfttest005
xfttest006
xftwucf
xhdcfund
xiahongxiao148
xiangrong227
xiaobai720
xiaobin
xiaocaisb256
xiaodan1981
xiaoftel0307
xiaohei037
xiaohuo200
xiaokev9
xiaolong
xiaowei_
xiaoxiao
xiaoyang01
xiaoyaotian1
xiaoyaowh91
xiaoyi1109
xiaoying_007
xiayanbing2006
xiazishu
xiekexian1978
xieyinqu
xingdapai
xiong
xixinghua
xixizi
xiyangnango
xjie314
xjieeeeee
XJN631000
xjs8889
xk1999
xkjf_98765
xkjr001
xkjr2016
xmgj2017
xmgjlz
xmgjxt2016
xmifmi
xmlok001
xneox
xtjeb
xubin1988
xuchao
xuefeng_2017
xufanfu
xunan09
xuxg1989
xuxiaojack
xuyiwen
xu_dengji
xu_liangzi
xvguang
xwj1986
xwz284991949
xx91125
xyg8304241
xyxfxyxgj
xyzhhhh1978
XZXT85353500
x_lin
x_myprecious
ya736603810
yafei111
yanbin0725
yangbenxft
yangd1111
yangdong
yangfan2016
yangfei
yanggl
yangjianjun070
yanglang
yanglucd
yangqianguan01
yangxy
yangy2
yangyang1
yangyh
Yang_hanqin
yanhan
yanjie159
Yanni494908633
yanyanancy1115
yao42852
yaoyao
YC1026
ycproc
ydobon726
yebohan
yelixu222
yellowgo
yetoo1975
yewyew402
yg20042004
yhao0014
YILEI0514
yingkaitwo
yingtu66
yingzhongying
yiny
yl7t607a
ylk35
ylz201
yl_yl
yolandaff
yongdaobaoli
youjiang_ht
young12
youngs136
youyouLJ06
ysabscloud
ytsoking88
yt_Daisy
yuan911
yuanyuansun521
YuchenYang
yuearound21
yuebo52
yuevsL2
yuezhenhua
yuguochao888
yumi_cheng
yunlifei520
yuqianjinrong
yushi
yuxiaochi
yuyao
ywg889802
ywgeinstein1988
ywhan2016
ywwsophia
ywwsophiayan
yxc0129
yxfxcj
yxyx111
YY987654321
yyhj1014
yyj13602510808
yz3888
z20062081
z99999
za126878
za6878
zakin2007
zb850522
zcde18
zcmssd
zcs
ZDZX1
ZDZX2
ZDZX3
zenglingod
zenglizhi2017
zhangbin
zhangchun
zhangdandan8657
zhangdj001
zhangfeng
zhangjf76
zhangjingc3
zhangkevin123
zhangkh
zhangli19870718
zhangnan1005
zhangtao
zhangxl2972
zhangy2
zhangye0806
zhangyi302
zhangyidg
zhangyuedong
zhangyuhang
zhangzhang1900
zhang_zw13
zhanwenting
zhanzh
zhaohailin01
zhaoqi
zhaoyang
zhaoyi
zhaoyt
zhaozun
zhat009
zhat_roo
zhb159521
zhenfu
zheng12tian
zhengbo159521
zhengem
zhengjb
zhengjianbing
zhenhuan_boyu
zhfhappy
zhhaitao
zhiminglu1
zhiyan205
zhougongjun
zhouhao1003
zhouliang123
zhouqi123
zhourui88
zhoushinan
zhouyuzhu
zhuhe319
zhuoshuai
zhxluo1
zimeihuster
ziqing123
zjd_9
zjqyyjj1985
zjw0813
zjz90426
zk3035
zktz100
zmy0831
zny3909001
zootion13
zoublake1
zq1
zqhao123
zsh891117
zwc1988
zwj0716
zwj112233
zwl12345
zwwdxd
zwxd2017
zx88133320
zxcvbnm8900
zxdl1204
zxdzhan1984
ZXWX01
zxy0124
zyz911014
zzbj2017
zzq5308965
zzz890
z_gq